PF05.txt:10
Heurística: DJD 1/4
0,0,58,56
0,58,42,56
56,0,52,44
56,52,48,44
EOC
0,0,68,46
0,68,26,100
46,0,66,36
82,0,66,18
EOC
0,0,76,40
40,0,52,56
0,76,24,62
62,52,42,38
EOC
0,0,48,60
60,0,62,38
0,62,38,68
68,62,38,32
EOC
0,0,40,70
0,40,34,66
70,0,62,30
0,74,26,66
EOC
0,0,38,68
0,38,62,38
38,38,62,30
68,0,70,32
EOC
0,0,58,38
38,0,48,44
0,58,34,54
54,48,26,44
54,74,26,44
EOC
0,0,60,34
34,0,62,32
0,62,26,60
66,0,48,30
66,48,48,26
EOC
0,0,46,40
40,0,76,22
62,0,40,30
62,40,30,32
EOC
0,0,32,46
0,32,28,40
EOC
