PF05.txt:9
Hiperheurística seleccionó DJD 1/3
0,0,58,56
56,0,76,40
0,76,24,62
EOC
0,0,68,46
0,68,26,100
46,0,66,36
82,0,66,18
EOC
0,0,52,56
0,52,48,60
56,0,52,44
60,52,46,40
EOC
0,0,40,70
0,40,38,68
70,0,62,30
68,62,38,32
EOC
0,0,38,68
0,38,62,38
38,38,62,30
68,0,70,32
68,70,30,32
EOC
0,0,62,38
38,0,42,56
0,62,34,54
54,42,32,46
54,74,26,44
EOC
0,0,34,66
0,34,58,38
38,34,62,32
70,0,48,30
70,48,48,26
EOC
0,0,48,44
0,48,48,44
44,0,60,34
44,60,40,30
78,0,76,22
EOC
0,0,26,66
0,26,42,38
0,68,26,60
38,26,26,44
60,52,28,40
EOC
